33.4590000000000
27.2260000000000
12.2550000000000
-8.70250984536240
-61.0465676560521
-92.0849395546090
-64.8047390038130
-62.3593191155380
-51.0792551975006
15.5414273650658
32.1150000000000
34.5780000000000
37.1930000000000
27.0530000000000
15.9450000000000
-23.4752402691334
-61.9224895385750
-64.5330287257070
-117.646679307920
-88.6896070008310
-23.9461130937804
16.7059597410488
33.2590000000000
32.4560000000000
40.6680000000000
40.9720000000000
32.0340000000000
-11.3922338358509
-36.9367538578758
-103.814160869353
-23.5129662469960
-61.5987098859130
-35.0956389982954
-0.817305809308298
31.0350000000000
28.7870000000000
28.9810000000000
26.6310000000000
29.9060000000000
-15.9017285019888
-62.0549581685520
-113.294218037630
-111.220667310349
-100.769169612540
-33.5238015580775
28.5934210404197
37.5700000000000
35.9370000000000
31.3700000000000
36.4700000000000
23.1240000000000
0.286696399914803
-67.0445823433320
-99.9238481305980
-104.100002158180
-107.459805359025
-56.0749879553160
11.5969076945071
31.3720000000000
38.7330000000000
33.6950000000000
44.2340000000000
24.6390000000000
-8.67957410519780
-34.8387888792656
-125.126545638309
-97.8803325425410
-117.061697518617
-49.8391218558831
7.39795014145810
41.9180000000000
37.2960000000000
33.8910000000000
47.0350000000000
12.3380000000000
-33.4549743492871
-66.0476591897890
-108.649149524746
-31.8158240010940
-97.1490669322460
-34.2523533624416
7.34277839720030
35.6730000000000
41.9080000000000
25.3490000000000
28.4820000000000
23.6530000000000
-0.782950586700100
-23.9684572762709
-109.381726119400
-75.5044827298370
-96.0856025372030
-45.4031137490833
-1.27943309477170
31.6550000000000
46.6640000000000
27.0600000000000
30.2000000000000
24.9410000000000
-0.871798217994201
-49.9865167813308
-96.7401424494630
-141.537332819801
-126.267581917446
-41.1938486577811
15.1657245029511
30.9960000000000
35.6970000000000
28.7600000000000
21.7420000000000
20.3510000000000
-0.781105432451003
-58.8438666173278
-126.846240711229
-103.773268217567
-98.7975901273580
-54.8680653203116
23.2824201018514
36.5290000000000
44.9490000000000
28.2680000000000
45.8720000000000
38.5040000000000
9.47534555616740
-64.6928761858620
-87.6841724941230
-99.2557318262150
-93.5094089977060
-56.5757974149605
21.6307112110690
43.5250000000000
24.4950000000000
34.6440000000000
41.9600000000000
39.2110000000000
-37.2765972253809
-50.5281741641339
-76.6246766274860
-87.9744016950190
-99.5904971783540
-59.4745546467093
24.8374187821861
40.8490000000000
29.7150000000000
44.0240000000000
35.6680000000000
23.9930000000000
-2.23583330588400
-37.2716878477079
-117.844012809448
-115.411050423805
-110.803526455776
-66.8061198266115
16.5592827378223
30.0190000000000
33.7240000000000
37.6510000000000
34.8360000000000
28.2690000000000
-19.9650751579376
-75.8413311986580
-30.8770623933490
-118.794788307632
-102.049547772592
-26.1008891257503
29.6564890808742
36.4980000000000
36.3080000000000
41.7750000000000
41.1860000000000
14.1660000000000
-14.1337991392628
-59.6324326538170
-111.774732772430
-112.863291031898
-116.241347016774
-30.6792143672626
5.76574644487490
45.3090000000000
53.1400000000000
34.7020000000000
30.2320000000000
20.4570000000000
-12.9606955304201
-32.9440615076516
-114.821621367911
-97.1700027981890
-115.900557687149
-37.7265875368468
5.36328885923690
46.0640000000000
40.2950000000000
42.4070000000000
26.4410000000000
19.3750000000000
-9.92450741802050
-40.3521486365267
-84.8165077895750
-57.0387268640520
-77.5937229901040
-63.7710080755580
5.38725493741990
31.2120000000000
28.4290000000000
46.9180000000000
38.1460000000000
29.7380000000000
6.42041941837000
-54.9880009145814
-87.3922113400340
-105.165396784249
-91.6375159369490
-54.2493610032438
-2.98465492111950
40.2820000000000
43.5170000000000
37.6640000000000
25.5700000000000
25.5490000000000
2.99460856339280
-32.0935936873122
-76.9946884893300
-105.817366227485
-87.2066286334910
-29.0930264868008
-5.98590249218010
54.7370000000000
35.5870000000000
33.6190000000000
25.0160000000000
29.8630000000000
-1.70628403001210
-50.0998485698960
-70.3776207622090
-58.1411968490410
-83.7068837186950
-45.8939197165020
22.7276990251741
32.0780000000000
23.9270000000000
31.9730000000000
28.3130000000000
18.5550000000000
-44.1778274701470
-16.5591797283135
-88.4850423232580
-107.701695947943
-89.2943079670530
-58.9318689668624
-10.7463643870337
22.0540000000000
38.0880000000000
24.2350000000000
29.7850000000000
14.3900000000000
-21.8939391302460
-69.6283679705110
-96.2435555309390
-68.5523796135300
-83.7157473306450
-40.9151257115035
24.8374153361329
38.8620000000000
32.5000000000000
21.6740000000000
19.9800000000000
29.7580000000000
20.4988911681116
-34.8192303664453
-116.225487656668
-86.5199457976170
-121.293917011374
-55.9239833851782
17.6994903435562
30.9080000000000
33.1040000000000
45.0900000000000
38.9020000000000
29.5550000000000
-9.37074024993120
-55.1985817646340
-112.741834936454
-60.3526072821140
-93.9040577718930
-54.2222600025160
18.0280718981137
33.8140000000000
31.2730000000000
30.5470000000000
29.4080000000000
18.6140000000000
2.29767691589510
-47.3121780894876
-79.6027985145390
-90.3523650878400
-86.5982842352930
-60.5364274270997
34.8926584125968
46.9080000000000
29.8900000000000
47.7240000000000
39.1670000000000
20.9020000000000
-9.64843351593520
-65.9276229627469
-106.673850728994
-107.487892289369
-100.234249171571
-31.8460935195355
9.36374000407180
40.0270000000000
58.0630000000000
26.0180000000000
31.0800000000000
20.6500000000000
2.36507334490090
-28.3908399906369
-84.5373843557860
-104.765132148960
-76.0622123850220
-19.6174574239784
9.95298111557170
40.2500000000000
63.6660000000000
42.3720000000000
26.5340000000000
22.1930000000000
8.34315151843280
-35.6679574609795
-87.9388291546300
-115.573629406602
-102.187937210124
-62.3495027727420
4.83082018755380
36.8830000000000
46.4600000000000
48.9740000000000
17.9800000000000
30.4290000000000
-6.00482193227090
-51.1414724303181
-57.8695755897080
-97.0907615209160
-121.147597951453
-60.1108513975649
-8.27518396075040
31.6030000000000
32.8770000000000
28.5500000000000
29.4410000000000
45.3860000000000
-10.2511270478551
-68.1191723095280
-99.6478557652020
-106.812684439084
-115.448081973153
-64.6049231188594
19.5221822938821
26.0990000000000
37.2340000000000
27.0340000000000
23.0240000000000
12.8610000000000
-23.1424124857173
-39.5061443464525
-76.5677710353040
-122.225177911755
-75.2861119117980
-34.9855120249476
18.6162917025572
41.0470000000000
47.4400000000000
28.9180000000000
37.3980000000000
20.5090000000000
-18.2395843629695
-69.3284315647760
-95.9992645345920
-106.996704700310
-93.0100150359800
-20.1358743327705
31.7343141394665
51.4480000000000
45.2420000000000
30.4590000000000
29.5310000000000
26.1940000000000
-18.3081888462176
-38.9153814491534
-78.8273393476360
-87.6106546870460
-89.6518512398640
-42.9611693600284
62.5743150968821
39.8960000000000
36.8070000000000
33.6280000000000
18.8350000000000
28.1970000000000
-2.18826766092000
-8.95908977405040
-65.0127759634630
-24.2688028201570
-85.4264847444540
-21.1524227397122
17.3397827459601
33.3780000000000
41.2020000000000
33.5900000000000
30.1210000000000
28.5320000000000
-22.0659764434075
-71.0535364111550
-89.7363725062260
-92.4466028118680
-86.4902953743440
-35.5666562996143
22.4198914181850
35.7410000000000
34.9920000000000