1.9356	2.2801
1.2328	1.2998
3.6467	3.6363
4.513	4.5539
-41.63699272	-40.57498733
-71.96910969	-72.68878885
-78.90339322	-76.70638175
-54.68435977	-51.63475981
-30.8862314	-31.49797441
4.616	4.9847
2.3691	2.7891
1.9984	2.0782
1.4585	1.6569
1.3782	1.5218
3.0714	3.1547
5.1681	5.2846
-51.14631376	-50.56116927
-83.21391441	-82.80526062
-71.86593539	-71.80413509
-69.52236451	-67.41605551
-28.56159535	-28.81863829
3.2246	3.6464
2.761	2.8039
2.9484	3.4153
2.6671	3.0497
1.836	1.9611
2.6805	2.744
5.773	5.8008
-40.41866364	-39.03072975
-53.59789416	-54.08952946
-67.64354189	-65.63998941
-48.81663446	-46.51703568
-38.61423727	-38.95042181
4.7363	4.8156
3.4506	3.7644
2.2515	2.6736
2.44	2.7672
1.5918	1.7726
2.8055	3.0472
5.398	5.6476
-47.60355075	-48.07749405
-57.1234004	-57.9737821
-84.81684472	-84.71602272
-53.98421751	-52.65710538
-32.38814323	-32.32025192
3.7762	4.1663
3.1498	3.3309
2.724	3.2528
2.6323	3.0448
1.8487	2.0577
3.2706	3.3206
4.9509	5.066
-40.29551786	-39.04442133
-62.19260829	-61.72116782
-77.12231143	-76.19881278
-66.21003486	-64.83133991
-40.44941483	-40.45691044
3.8073	4.1569
3.0809	3.1073
2.24	2.6451
1.3963	1.5887
1.6343	1.7053
3.1286	3.1273
5.5957	5.3983
-44.33661733	-46.3739606
-61.18661	-61.56397731
-65.64451938	-64.04391081
-63.98544944	-61.76973365
-32.05479917	-32.30109574
4.9632	5.419
3.0788	3.3571
3.1361	3.6608
2.0602	2.2255
2.6676	2.9261
3.4233	3.3775
5.1174	5.3539
-50.0745297	-48.69518525
-68.82953399	-68.88542875
-76.11968155	-75.37521222
-66.59628253	-64.64595017
-29.41202246	-29.98516118
4.4583	4.6502
2.7703	2.9407
2.5119	2.8026
2.3435	2.716
1.7026	1.8689
3.2123	3.419
5.0981	5.2117
-23.74090662	-22.81099331
-68.08732816	-67.78054273
-66.15297489	-66.44457548
-58.27429578	-55.21886402
-43.26733202	-43.25063439
4.185	4.5192
3.3208	3.7916
2.1086	2.3494
2.353	2.5879
2.4818	2.7255
2.3792	2.5372
6.56	6.7075
-53.82087353	-53.61784272
-71.87934217	-72.13714377
-70.0018972	-70.45702516
-60.31799629	-58.02162991
-30.38882559	-30.90408133
2.8942	2.9857
2.6359	2.9793
3.0082	3.3911
1.6583	1.719
2.2122	2.632
2.9552	3.1448
6.3646	6.7753
-31.74025748	-31.26948951
-50.02768079	-51.12534854
-73.70157528	-71.39920352
-63.18986935	-60.95604085
-35.72739654	-36.01310203
4.5772	5.2611
3.8684	4.0541
2.9301	3.5461
1.338	1.5922
1.675	1.7869
3.1826	3.1689
4.7533	4.7989
-37.06248372	-36.72518006
-47.99696016	-49.39259055
-73.02886575	-72.2675268
-75.83373975	-75.31546745
-38.55221338	-38.57328272
3.951	4.5308
3.4542	3.5755
1.5546	1.7352
2.3881	2.8501
1.4324	1.6063
2.4798	2.7242
4.0853	4.1888
-42.90483232	-41.90022729
-57.11786194	-58.36932373
-81.44224229	-81.0684869
-58.96860918	-56.40989268
-40.98591319	-40.91067078
5.4502	6.0959
3.9325	4.2166
3.1837	3.6251
1.4757	1.8683
1.9575	2.111
2.0547	2.2356
4.3432	4.3758
-51.38945049	-51.35278864
-71.56718804	-71.63933321
-74.17693796	-73.00362495
-69.17202196	-67.86589403
-40.25160083	-40.34012044
4.6186	4.737
2.8641	3.2585
1.6268	1.8183
2.0363	2.4143
2.2946	2.6443
3.1836	3.3148
4.2926	4.3122
-45.37740032	-48.00416052
-58.6882021	-59.25517928
-74.33853108	-73.41713398
-61.47036714	-59.34286354
-44.41587599	-44.30657444
4.1168	4.4053
3.7568	4.3122
2.9001	3.1897
3.111	3.4876
2.4429	2.7826
2.6764	2.7404
5.4465	5.7431
-38.16242145	-37.86634853
-58.91135091	-59.28934936
-86.15425583	-84.64944761
-75.98710293	-74.34634658
-37.60818169	-38.56403876
4.3925	4.7209
3.0427	3.293
2.6674	3.0462
2.1946	2.651
1.7203	2.0018
2.8013	2.8994
5.219	5.407
-53.02270771	-53.3366446
-68.54156692	-68.61678526
-60.09040171	-59.07000136
-66.52568089	-65.74160036
-36.83022161	-36.8617197
4.3554	4.5544
4.3764	4.6979
2.184	2.4297
2.5414	2.8687
2.1826	2.4019
2.5693	2.5601
4.3824	4.5911
-39.53517936	-39.25938316
-69.20207727	-69.57902817
-79.97044238	-77.66687317
-67.61653394	-65.89380298
-34.18724714	-34.05952319
3.3889	3.8846
4.2372	4.6852
3.16	3.7819
2.7442	3.2636
1.2948	1.3967
3.4287	3.511
5.8491	6.0766
-31.74983303	-31.81860639
-74.20957362	-74.96381013
-79.0644346	-77.44053014
-70.13775037	-68.62737475
-28.45075427	-28.08180169
4.5865	4.8472
3.5594	3.824
2.5775	2.9066
1.8035	2.255
2.2651	2.3452
2.1259	2.1439
4.8327	4.7421
-44.21368248	-44.53493083
-65.69105867	-66.70027365
-65.16053998	-64.23923262
-74.38273902	-72.7576257
-46.58121879	-47.09930652
4.8742	5.1237
3.112	3.3797
1.8455	2.6964
3.1567	3.6012
1.9342	2.1592
2.7729	2.8427
5.0809	5.5115
-38.72601092	-38.25161633
-62.64621541	-63.75229553
-68.0318828	-67.30738467
-75.9555034	-74.58991205
-34.7023493	-35.66619692
4.1043	4.4974
2.6674	3.0339
2.0418	2.6538
2.4867	2.7914
2.1853	2.4523
2.402	2.6539
6.4717	6.6754
-45.35236359	-44.6693151
-77.36485983	-78.4093642
-61.2823638	-61.65530953
-76.24756143	-73.85503476
-25.44830818	-25.86518603
3.3974	4.0631
3.7929	4.146
2.1907	2.4538
2.0716	2.5532
1.4947	1.6274
2.2284	2.3466
8.7645	9.063
-52.8099694	-52.37352755
-60.91705867	-62.93924774
-62.35505545	-60.84480459
-73.3689691	-71.49418112
-33.25297981	-33.10009678
4.3061	4.6389
2.6706	2.9631
2.5416	2.5651
2.2003	2.6943
1.4477	1.2585
4.134	4.4794
4.0413	4.0833
-52.07406195	-53.26147184
-66.29451607	-67.97667256
-64.17349809	-63.63612498
-69.70330034	-67.18151123
-42.83143671	-43.46715898
2.7742	2.7749
2.6057	3.2292
2.352	2.7154
1.4188	1.6041
2.1313	2.3133
3.5688	3.5741
5.6125	5.7877
-50.33318257	-52.0229764
-61.41546823	-61.86678241
-78.73348115	-78.81077474
-63.44380742	-61.7984492
-34.86263371	-34.49845774
3.1445	3.407
4.315	4.7334
2.5759	2.9231
1.5847	1.8249
1.0751	1.2151
3.002	3.046
7.9758	7.7773
-49.4287282	-49.95143737
-65.96380005	-67.47848365
-85.28162287	-83.11611829
-67.83580378	-65.6590982
-47.41946378	-46.92211593
4.0683	4.2664
2.5547	2.7297
2.5516	2.8584
2.4834	2.7184
2.2063	2.3872
3.349	3.2502
6.1291	6.5675
-50.21679131	-52.09286255
-75.51197576	-76.5863339
-80.45426231	-79.85635254
-73.35583631	-71.6907543
-43.57352778	-43.58516156
3.6407	3.8661
3.6779	4.0302
2.5605	2.8708
2.1283	2.5859
1.474	1.6812
2.7272	2.784
5.8389	6.0206
-38.1161063	-37.75952634
-58.16251796	-58.97370026
-74.54464935	-73.4569372
-61.93440157	-59.94669001
-44.85183344	-45.07030642
4.85	5.4704
3.4093	3.6489
2.0493	2.662
2.1354	2.4899
1.9915	2.1207
2.8619	3.0357
5.0701	5.3313
-34.75060928	-34.1820483
-60.50950192	-61.22052881
-68.72960694	-67.14007802
-76.46495737	-74.53415283
-35.50010094	-35.54583039
3.7136	4.0569
3.3167	3.6234
2.9205	3.6791
1.627	2.2766
1.3427	1.4496
2.5963	2.6446
5.6631	5.9873
-37.65145166	-34.82455297
-59.1935846	-59.67822176
-88.01291285	-86.7285803
-60.52554822	-58.4778943
-35.33191683	-35.30768954
5.0119	5.3495
2.9319	3.2747
1.865	2.2255
2.2185	2.6013
2.0671	2.3526
3.4515	3.4643
6.6079	6.8162
-38.82141772	-38.03433176
-66.44896658	-67.73403921
-78.31327207	-76.33789186
-66.21305653	-64.75196168
-45.52011904	-46.09185234
5.4548	6.0484
3.8645	4.3179
2.1732	3.0379
2.4611	2.9337
1.9263	2.0347
2.5931	2.6377
5.3839	5.5019
-47.62857035	-47.39291957
-52.56804322	-53.0215576
-65.24260604	-62.84352751
-65.35577467	-64.23942718
-38.88980735	-38.7646454
4.4006	4.742
2.9513	3.3621
2.353	2.7011
2.1323	2.301
1.1197	1.2631
3.5648	3.943
5.2049	5.2643
-50.75708003	-50.12862184
-65.01400859	-64.35028484
-84.43942683	-83.19253687
-72.96877426	-71.12764664
-44.56272725	-44.95626432
4.5119	5.0886
3.5415	3.9937
2.9549	3.7615
1.6533	1.8172
1.5692	1.761
2.196	2.0717
4.7928	5.2205
-42.77204747	-41.13022002
-59.84464823	-60.78089017
-81.173915	-80.78463374
-73.4222195	-71.82282682
-35.41091344	-35.60335953
5.5908	5.8878
4.0903	4.5268
3.6577	4.0486
2.3327	2.726
1.3255	1.4962
2.2317	2.3472
6.1855	6.3275
-58.3593	-58.5915549
-52.40984352	-53.90232634
-65.7724788	-63.84788786
-58.77027786	-56.47045607
-35.62695406	-35.69342695
5.3797	5.8484
3.5221	3.879
2.545	3.0259
1.3723	1.6465
1.5578	1.7479
4.0123	4.1277
4.6676	4.8091
-52.04145059	-51.54485159
-62.26838987	-62.43597915
-64.78432687	-61.94868237
-68.11411549	-65.00065829
-42.7815658	-42.91592026
5.3499	5.9442
3.5966	3.9781
1.9855	2.2348
2.0342	2.2416
1.542	1.7259
3.5044	3.472
6.4393	6.5588
-51.41896946	-52.48651258
-61.17150705	-61.42276548
-70.6052204	-69.59842721
-68.62823936	-66.47927924
-32.00282294	-31.2087992
4.3795	4.7907
2.5724	2.8104
3.0124	3.4694
2.9488	3.3644
1.9261	2.1705
2.046	2.009
5.2565	5.2002
-50.6575359	-51.92464974
-59.93190096	-60.78436366
-81.1916131	-79.99202343
-60.70642306	-57.78742125
-34.86495295	-35.25564416
5.0981	5.4154
3.7273	3.9855
1.4404	1.5944
