158.9666667
76.425
53.56666667
39.95833333
15.05833333
21.95
66.56666667
132.65
149.95
149.4416667
148.225
94.425
97.69166667
54.29166667
49.15
22.40833333
18.34166667
39.34166667
131.2416667
219.8583333
218.975
198.7833333
162.8833333
90.79166667
60.65833333
20.54166667
14.83333333
33.675
122.7
211.2333333
191.3916667
203.4083333
133.3416667
76.35
44.86666667
25.16666667
11.55
28.89166667
88.05
136.15
173.8083333
170.2833333
163.6083333
99.03333333
65.33333333
45.725
24.625
12.63333333
4.15
4.8
24.9
