-0.756170332
-1.046302524
-0.401058046
-0.771704937
-0.809873974
0.279737697
-0.291751733
0.722585313
0.318666874
-0.700458557
-1.333442792
-2.378078
-0.733452461
-0.584537112
-1.047764873
-0.755599275
0.94336399
0.782550946
-0.488489121
-0.430052357
-0.497318646
-0.220094594
1.246076675
1.22324814
1.612203598
0.277201392
0.613000365
-0.361770925
-0.755756135
0.000176971
1.00237972
-0.927647381
-0.427777867
-0.385380581
-0.79316274
-0.57891346
-0.951026843
-1.187584395
-2.158193022
-1.248303365
-0.71192884
-0.976728984
-2.481773919
-2.816359266
-1.562202332
-1.613701256
-0.774665915
-0.5694216
-1.496429204
-1.11378005
